y = [181.01,
 181.03,
 181.01,
 181.01,
 181.01,
 181.01,
 180.94,
 181.03,
 180.96,
 180.92,
 180.98,
 180.9,
 180.94,
 180.92,
 180.98,
 181.03,
 180.94,
 180.94,
 180.9,
 180.96,
 180.98,
 180.92,
 180.96,
 181.03,
 180.96,
 180.96,
 180.92,
 180.92,
 180.96,
 180.98,
 181.01,
 180.98,
 180.92,
 180.92,
 180.92,
 181.05,
 180.94,
 181.03,
 181.07,
 181.05,
 181.03,
 180.98,
 180.94,
 180.96,
 180.98,
 180.96,
 181.03,
 181.03,
 181.01,
 180.9,
 180.92,
 180.94,
 180.94,
 181.01,
 180.98,
 180.98,
 180.94,
 181.01,
 180.94,
 181.01,
 180.98,
 180.98,
 180.94,
 180.98,
 181.03,
 180.98,
 180.98,
 181.01,
 181.01,
 180.92,
 180.94,
 180.94,
 180.94,
 180.94,
 180.96,
 180.96,
 180.96,
 180.98,
 181.01,
 180.94,
 180.94,
 180.96,
 180.92,
 180.96,
 181.03,
 181.07,
 181.05,
 181.05,
 181.09,
 181.07,
 180.92,
 180.94,
 180.85,
 180.79,
 180.85,
 180.87,
 180.9,
 180.94,
 181.03,
 181.03,
 181.01,
 181.03,
 180.94,
 180.87,
 180.85,
 180.92,
 180.9,
 181.01,
 181.03,
 181.01,
 180.98,
 180.9,
 180.92,
 180.96,
 180.92,
 180.92,
 180.92,
 180.94,
 180.98,
 180.94,
 181.01,
 180.96,
 180.94,
 180.98,
 180.9,
 180.98,
 180.98,
 180.98,
 180.92,
 181.03,
 181.01,
 180.98,
 180.92,
 180.94,
 180.92,
 180.94,
 180.98,
 180.94,
 180.98,
 180.92,
 181.03,
 181.01,
 181.01,
 180.9,
 180.92,
 180.87,
 180.96,
 180.92,
 180.87,
 180.92,
 180.94,
 181.03,
 181.03,
 181.01,
 180.94,
 180.98,
 180.9,
 180.9,
 180.96,
 180.92,
 181.01,
 180.98,
 180.96,
 180.96,
 180.85,
 180.92,
 180.9,
 180.96,
 180.92,
 180.98,
 180.92,
 180.94,
 180.98,
 180.94,
 181.01,
 181.01,
 180.96,
 180.92,
 180.92,
 180.94,
 180.94,
 180.98,
 180.96,
 180.98,
 180.94,
 180.87,
 180.92,
 180.92,
 180.96,
 181.05,
 180.98,
 181.01,
 180.96,
 181.01,
 180.94,
 180.96,
 180.87,
 180.94,
 181.01,
 180.96,
 180.98,
 180.98,
 180.94,
 180.92,
 180.87,
 180.96,
 180.94,
 180.94,
 180.92,
 181.01,
 180.9,
 180.94,
 180.92,
 180.96,
 180.96,
 180.94,
 180.98,
 180.98,
 180.98,
 181.01,
 181.07,
 181.01,
 181.03,
 180.96,
 180.92,
 180.94,
 180.92,
 180.96,
 180.94,
 180.98,
 180.96,
 180.96,
 181.01,
 180.94,
 180.94,
 180.87,
 180.92,
 180.96,
 180.96,
 181.05,
 180.94,
 180.98,
 180.94,
 180.96,
 180.96,
 180.96,
 180.96,
 180.96,
 180.98,
 181.01,
 180.94,
 180.63,
 179.69,
 177.25,
 174.72,
 171.18,
 167.01,
 161.87,
 156.42,
 150.11,
 143.52,
 136.31,
 129.04,
 121.02,
 113.24,
 105.18,
 97.6,
 89.91,
 82.81,
 76.09,
 70.84,
 66.24,
 62.51,
 59.65,
 57.28,
 55.81,
 54.95,
 55.02,
 55.78,
 57.43,
 60.07,
 63.28,
 67.25,
 71.32,
 75.8,
 80.11,
 84.44,
 88.59,
 92.08,
 95.01,
 96.94,
 98.19,
 98.63,
 98.39,
 97.58,
 96.37,
 94.92,
 93.36,
 91.82,
 90.19,
 89.01,
 88.04,
 87.53,
 87.45,
 87.62,
 88.0,
 88.48,
 89.09,
 89.62,
 90.06,
 90.48,
 90.57,
 90.68,
 90.59,
 90.39,
 90.19,
 90.0,
 89.86,
 89.82,
 89.86,
 89.93,
 89.95,
 90.11,
 90.11,
 90.08,
 90.11,
 90.06,
 90.0,
 90.02,
 90.02,
 90.02,
 89.97,
 89.97,
 90.0,
 90.04,
 90.08,
 90.11,
 90.11,
 90.11,
 90.06,
 90.02,
 90.06,
 90.06,
 90.04,
 90.13,
 90.13,
 90.13,
 90.11,
 90.15,
 90.08,
 90.08,
 90.04,
 90.06,
 90.06,
 90.06,
 90.02,
 90.0,
 90.02,
 90.04,
 90.04,
 90.0,
 90.11,
 90.08,
 90.04,
 90.02,
 90.02,
 90.04,
 90.02,
 90.02,
 90.0,
 90.02,
 90.06,
 90.04,
 90.11,
 90.02,
 90.0,
 90.06,
 90.06,
 90.06,
 90.0,
 90.0,
 90.02,
 90.02,
 90.11,
 90.06,
 90.08,
 90.17,
 90.04,
 90.04,
 90.04,
 90.02,
 90.0,
 90.0,
 90.06,
 90.06,
 90.0,
 90.08,
 90.04,
 90.13,
 90.04,
 90.02,
 90.04,
 90.06,
 90.11,
 90.02,
 90.06,
 90.08,
 90.06,
 90.02,
 90.02,
 90.11,
 90.04,
 90.11,
 90.13,
 90.11,
 90.06,
 90.08,
 90.04,
 90.0,
 89.97,
 89.95,
 89.97,
 90.0,
 90.04,
 90.08,
 90.15,
 90.17,
 90.15,
 90.08,
 90.11,
 90.06,
 90.08,
 90.02,
 90.06,
 90.06,
 90.06,
 90.06,
 90.0,
 90.02,
 89.95,
 90.04,
 90.06,
 90.11,
 90.08,
 90.04,
 90.11,
 90.06,
 90.08,
 90.11,
 90.06,
 90.04,
 90.04,
 90.0,
 90.02,
 90.04,
 90.06,
 90.06,
 90.13,
 90.11,
 90.02,
 89.97,
 90.0,
 90.06,
 90.06,
 90.13,
 90.11,
 90.08,
 90.02,
 89.95,
 90.02,
 90.02,
 90.0,
 90.04,
 90.06,
 90.06,
 90.0,
 90.06,
 90.04,
 89.97,
 90.04,
 90.11,
 90.06,
 90.04,
 90.04,
 90.0,
 89.97,
 90.0,
 90.04,
 90.02,
 90.08,
 90.04,
 90.06,
 89.95,
 90.08,
 89.97,
 90.06,
 90.06,
 90.08,
 90.02,
 90.0,
 90.04,
 90.59,
 91.89,
 94.08,
 96.94,
 100.56,
 104.7,
 109.51,
 114.63,
 120.65,
 126.93,
 133.94,
 141.5,
 148.99,
 157.01,
 164.53,
 172.11,
 179.31,
 186.46,
 192.39,
 197.57,
 201.73,
 205.31,
 208.03,
 210.34,
 211.77,
 212.52,
 212.58,
 211.9,
 210.52,
 208.43,
 205.57,
 202.19,
 198.25,
 194.1,
 189.82,
 185.73,
 181.64,
 178.08,
 175.1,
 173.03,
 171.45,
 170.7,
 170.57,
 170.94,
 171.8,
 172.99,
 174.15,
 175.56,
 176.9,
 178.22,
 179.53,
 180.83,
 181.75,
 182.43,
 182.87,
 183.07,
 183.01,
 182.7,
 182.39,
 181.93,
 181.58,
 181.25,
 180.98,
 180.76,
 180.59,
 180.63,
 180.63,
 180.76,
 180.87,
 180.85,
 180.96,
 180.96,
 180.96,
 180.96,
 180.94,
 180.83,
 180.83,
 180.83,
 180.83,
 180.87,
 180.9,
 180.94,
 180.92,
 180.94,
 180.9,
 180.87,
 180.83,
 180.94,
 180.96,
 180.94,
 181.01,
 180.9,
 180.96,
 180.96,
 180.9,
 180.9,
 180.92,
 180.9,
 180.92,
 180.9,
 180.92,
 180.94,
 180.81,
 180.9,
 180.92,
 180.9,
 180.94,
 180.9,
 180.9,
 180.92,
 180.81,
 180.85,
 180.87,
 180.87,
 180.94,
 180.96,
 180.94,
 180.92,
 180.92,
 180.92,
 180.94,
 180.9,
 180.87,
 180.83,
 180.85,
 180.92,
 180.87,
 180.96,
 180.9,
 180.87,
 180.9,
 180.87,
 180.92,
 180.92,
 180.96,
 180.9,
 180.87,
 180.9,
 180.87,
 180.85,
 180.9,
 180.9,
 180.92,
 180.9,
 180.94,
 180.85,
 180.92,
 180.87,
 180.87,
 180.83,
 180.96,
 180.85,
 180.87,
 180.9,
 180.85,
 180.9,
 180.92,
 180.9,
 180.9,
 180.94,
 180.83,
 180.87,
 180.92,
 180.87,
 180.9,
 180.92,
 180.92,
 180.92,
 180.92,
 180.81,
 180.85,
 180.85,
 180.85,
 180.87,
 180.87,
 180.83,
 180.87,
 180.96,
 180.92,
 180.94,
 180.92,
 180.9,
 180.87,
 180.96,
 180.94,
 180.87,
 180.85,
 180.87,
 180.87,
 180.83,
 180.98,
 180.87,
 180.94,
 180.92,
 180.96,
 180.96,
 180.9,
 180.9,
 180.9,
 180.92,
 180.87,
 180.94,
 180.92,
 180.9,
 180.96,
 180.9,
 180.94,
 180.94,
 180.9,
 180.92,
 180.83,
 180.81,
 180.92,
 180.94,
 180.94,
 180.98,
 180.96,
 180.98,
 180.92,
 180.94,
 180.81,
 180.83,
 180.9,
 180.87,
 180.85,
 180.94,
 180.92,
 180.87,
 180.94,
 180.87,
 180.96,
 180.87,
 180.87,
 180.92,
 180.85,
 180.87,
 180.96,
 180.9,
 180.87,
 180.87,
 180.92,
 180.94,
 180.87,
 180.92,
 180.83,
 180.83,
 180.85,
 180.9];